1.5013654517352997 4.0895963 7.6793804
4.513264991994152 4.0900745 7.6794233
7.5398835938942455 4.090905 7.679516
10.584852194834795 4.091969 7.679651
13.652687590085293 4.0932956 7.6798544
16.74900311153111 4.0973015 7.6809134
19.88076639687756 4.1063237 7.6869154
23.056613100471253 4.116536 7.695335
26.287226104419403 4.13972 7.716381
29.585789934412404 4.1638575 7.7312527
32.96852920274695 4.189057 7.749699
36.45533730049242 4.211642 7.7701974
40.07049626573345 4.263187 7.79805
43.843479467839984 4.418667 7.8757143
47.80981388222801 4.6870136 8.066938
52.01195659514178 4.851294 8.5575
56.50010943989386 4.7812276 9.241535
61.33285624214008 4.7343035 9.784829
66.57746165864779 4.768867 10.1789875
72.30962628310513 4.841531 10.48697
78.61246334766909 4.974099 10.704491
85.57446884225263 5.0732574 10.9014
93.28632422518876 5.124112 11.066734
101.83651957217702 5.147565 11.222803
111.30601615317147 5.1615286 11.354969
121.76244678160057 5.1595283 11.502474
133.25460387998803 5.1343255 11.598374
145.80808789834734 5.1004972 11.678737
159.42289883667863 5.0751677 11.714181
174.07343624496826 5.0685954 11.7217245
189.7109077006925 5.0605235 11.730055
200.125195367344 5.058501 11.732696
204.50791478084474 5.058501 11.732696
222.65287732297995 5.058501 11.732696
241.4570082951347 5.058501 11.732696
260.831811707396 5.058501 11.732696
280.694174327607 5.058501 11.732696
300.96839556207954 5.058501 11.732696
321.5872107540461 5.058501 11.732696
342.4920360778511 5.058501 11.732696
363.6326697001818 5.058501 11.732696
384.9666545347939 5.058501 11.732696
406.45846360627166 5.058501 11.732696
428.07862354524485 5.058501 11.732696
449.802852313629 5.058501 11.732696
471.61125652035474 5.058501 11.732696
493.4876115531253 5.058501 11.732696
515.4187328862502 5.058501 11.732696
537.3939376376225 5.058501 11.732696
559.4045901528954 5.058501 11.732696
581.4437227943637 5.058501 11.732696
603.5057222301418 5.058501 11.732696
625.5860716649604 5.058501 11.732696
647.6811401614202 5.058501 11.732696
669.7880111698437 5.058501 11.732696
691.9043434319806 5.058501 11.732696

